[ylim]
analyze = [-0.1, 1.1]
L1_move = [-0.1, 1.1]
L1_rest = [-0.1, 1.1]
L1_walk = [-0.1, 1.1]
L1_groom = [-0.1, 1.1]
L1_other = [-0.1, 1.1]
ball = [-0.1, 1.1]
manipulation = [-0.1, 1.1]
annotation = [-0.1, 1.1]
stimulus = [-0.1, 1.1]
stimulus_core = [-0.1, 1.1]
calcium = [-5, 50]
predicted_calcium = [-1, 20]
calcium_norm = [-0.1, 1.1]
predicted_calcium_norm = [-0.1, 1.1]
L1C_flex = [10, 160]
vel_forward = [-5, 20]
vel_side = [-20, 20]
vel_yaw = [-300, 300]
[ytick]
analyze = [0, 1]
L1_move = [0, 1]
L1_rest = [0, 1]
L1_walk = [0, 1]
L1_groom = [0, 1]
L1_other = [0, 1]
ball = [0, 1]
manipulation = [0, 1]
annotation = [0, 1]
stimulus = [0, 1]
stimulus_core = [0, 1]
calcium = [0, 50]
predicted_calcium = [0, 1]
calcium_norm = [0, 1]
predicted_calcium_norm = [0, 1]
L1C_flex = [30, 90, 150]
vel_forward = [0, 20]
vel_side = [-20, 0, 20]
vel_yaw = [-300, 0, 300]
[calcium_norm_factor]
R73D10 = 58.991
R21D12 = 45.5362
JR252 = 55.6898
JR476 = 53.5088
SS04735 = 52.8342 
R21D12_magnet = 50.2588
JR476_magnet = 64.5491
JR175 = 42.661
JR175_treadmill_removal = 47.1331 
SS41446 = 49.3337
[predicted_calcium_norm_factor]
R73D10 = 0.444618
R21D12 = 0.885181
JR252 = 0.872981
JR476 = 0.859962
SS04735 = 0.99839
R21D12_magnet = 0.679149
JR476_magnet = 0.678686
JR175 = 0.995043
JR175_treadmill_removal = 0.993826
SS41446 = 1.0